Epoch 220: loss: 0.13099
Epoch 230: loss: 0.13095
Epoch ƭEpoch 290: loss: 0.12422
loss: 0.12937
Epoch 310: loss: 0.12372
Epoch 320: loss: 0.12841
Epoch 330: loss: 0.12120
Epoch 340: loss: 0.12029
Epoch 350: loss: 0.12151
Epoch 360: loss: 0.12443
Epoch 370: loss: 0.11680
Epoch 380: loss: 0.11924
Epoch 390: loss: 0.12355
Epoch 400: loss: 0.11522
Epoch 410: loss: 0.13970
Epoch 420: loss: 0.12219
Epoch 430: loss: 0.11212
Epoch 440: loss: 0.11066
Epoch 450: loss: 0.10994
Epoch 460: loss: 0.10797
Epoch 470: loss: 0.10730
Epoch 480: loss: 0.11211
Epoch 490: loss: 0.11245

Results after training:

y_train = [0.00,1.00,0.00,1.00,1.00,1.00,1.00,1.00,1.00,1.00,1.00,0.00,0.00,1.00,0.00,0.00,1.00,0.00,0.00,1.00,0.00,1.00,1.00,1.00,1.00,1.00,1.00,0.00,1.00,0.00,1.00,0.00,1.00,1.00,1.00,0.00,1.00,1.00,0.00,0.00,0.00,1.00,0.00,1.00,1.00,0.00,1.00,0.00,0.00,1.00,1.00,0.00,1.00,0.00,0.00,1.00,0.00,0.00,1.00,0.00,0.00,0.00,1.00,0.00,0.00,1.00,1.00,0.00,0.00,1.00,0.00,1.00,1.00,1.00,1.00,1.00,1.00,0.00,0.00,0.00,0.00,0.00,0.00,0.00,1.00,1.00,1.00,0.00,1.00,1.00,1.00,1.00,1.00,0.00,0.00,1.00,1.00,1.00,0.00,1.00,1.00,1.00,1.00,0.00,1.00,1.00,0.00,0.00,0.00,1.00,1.00,1.00,1.00,1.00,1.00,0.00,0.00,0.00,1.00,1.00,0.00,0.00,0.00,1.00,0.00,1.00,0.00,0.00,1.00,1.00,1.00,0.00,1.00,1.00,1.00,1.00,0.00,1.00,0.00,1.00,0.00,1.00,0.00,0.00,0.00,0.00,1.00,0.00,1.00,1.00,1.00,1.00,0.00,0.00,1.00,0.00,1.00,0.00,0.00,1.00,1.00,1.00,0.00,0.00,0.00,1.00,0.00,1.00,1.00,1.00,0.00,1.00,0.00,1.00,0.00,0.00,1.00,1.00,1.00,0.00,1.00,1.00,0.00,0.00,1.00,1.00,1.00,0.00,1.00,0.00,1.00,1.00,1.00,1.00,0.00,1.00,0.00,0.00,1.00,1.00,0.00,1.00,1.00,0.00,1.00,0.00,1.00,0.00,0.00,1.00,1.00,1.00,1.00,1.00,1.00,0.00,0.00,1.00,0.00,0.00,0.00,0.00,1.00,0.00,0.00,1.00,0.00,0.00,0.00,1.00,0.00,1.00,0.00,0.00,1.00,0.00,0.00,0.00,1.00,1.00,0.00,1.00,1.00,0.00,1.00,0.00,0.00,0.00,0.00,1.00,1.00,1.00,0.00,1.00,0.00,0.00]
y_train_pred = np.array([0.18,0.98,0.00,0.98,0.98,0.98,0.98,0.98,0.98,0.05,0.98,0.01,0.00,0.98,0.00,0.00,0.98,0.01,0.01,0.98,0.01,0.98,0.98,0.80,0.98,0.98,0.98,0.01,0.98,0.04,0.98,0.00,0.98,0.98,0.98,0.01,0.98,0.98,0.04,0.05,0.00,0.98,0.00,0.00,0.98,0.00,0.98,0.00,0.18,0.98,0.98,0.00,0.98,0.00,0.01,0.98,0.01,0.01,0.98,0.05,0.09,0.00,0.98,0.00,0.01,0.98,0.98,0.00,0.01,0.98,0.00,0.98,0.98,0.98,0.98,0.98,0.98,0.05,0.00,0.01,0.00,0.00,0.00,0.00,0.98,0.98,0.98,0.00,0.98,0.98,0.98,0.98,0.98,0.00,0.00,0.98,0.98,0.98,0.51,0.98,0.00,0.98,0.98,0.00,0.98,0.98,0.00,0.00,0.02,0.98,0.80,0.98,0.98,0.98,0.88,0.00,0.00,0.00,0.98,0.98,0.00,0.06,0.04,0.98,0.01,0.98,0.01,0.04,0.98,0.98,0.98,0.05,0.98,0.98,0.98,0.00,0.18,0.98,0.00,0.98,0.29,0.98,0.00,0.00,0.01,0.00,0.98,0.01,0.80,0.80,0.98,0.98,0.01,0.00,0.98,0.00,0.98,0.98,0.01,0.98,0.98,0.98,0.00,0.00,0.00,0.98,0.00,0.98,0.98,0.98,0.00,0.98,0.01,0.98,0.00,0.00,0.98,0.98,0.98,0.00,0.98,0.98,0.01,0.00,0.98,0.98,0.98,0.00,0.98,0.00,0.98,0.80,0.80,0.98,0.00,0.98,0.00,0.00,0.98,0.98,0.05,0.98,0.98,0.00,0.98,0.00,0.98,0.01,0.18,0.98,0.98,0.98,0.98,0.98,0.98,0.00,0.00,0.18,0.01,0.02,0.00,0.00,0.98,0.00,0.01,0.98,0.04,0.01,0.00,0.98,0.01,0.98,0.01,0.01,0.98,0.00,0.01,0.00,0.88,0.98,0.00,0.98,0.98,0.01,0.98,0.04,0.01,0.05,0.01,0.98,0.98,0.18,0.05,0.98,0.00,0.01])[aialgo_inference_model] Error: Number of samples must be dividable by the input layer batch size.

y_test = [1.00,1.00,0.00,1.00,1.00,1.00,0.00,1.00,1.00,1.00,1.00,1.00,0.00,0.00,0.00,0.00,1.00,0.00,1.00,0.00,1.00,0.00,0.00,0.00,1.00]
y_test_pred = np.array([0.18,0.98,0.00,0.98,0.98,0.98,0.98,0.98,0.98,0.05,0.98,0.01,0.00,0.98,0.00,0.00,0.98,0.01,0.01,0.98,0.01,0.98,0.98,0.80,0.98])